	Bezafibrate	Sulfadoxine	Estradiol-17	Ranitidine	EE2	Indomethacin	Propranolol	Cimetidine	Norfloxacin	Fluoxetine	Bisphenol_C	Sulfamonomethoxine	Citalopram	Sertraline	Fexofenadine	Oxazepam	Bisphenol_E	Sulfathiazole	Diazepam	4-tert-Octylphenol	Amitriptyline	Sitagliptin	Tetracycline	Sulfapyridine	Loratadine	Cetirizine	Doxycycline	Triclosan	Triamterene	Codeine	Androstenedione	Carbamazepine	Gemfibrozil	Bisphenol_B	Paracetamol	Ciprofloxacin	Brompheniramine	Sulfamethazine	Sulfamerazine	Roxithromycin	Sulfamethoxazole	Tetostrone	Metronidazole	Naproxen	Sulfadiazine	Enrofloxacin	Oxytetracycline	Progestrone	Bisphenol_AF	ETM-H2O	Venlafaxine	Fluconazole	Clarithromycin	Benzyl_paraben	Diltiazem	Trimethoprim	Ketoprofen	Ofloxacin	Butyl_paraben	Gabapentin	Ethyl_paraben	Chorpheniramine	Propyl_paraben	Lidocaine	Ibuprofen	Bisphenol_S	4-Nonylphenol	"N,N-diethyl-meta-toluamide"	Bisphenol_F	Triclocarban	Methyl_paraben	Desvenlafaxin	Diphenhydramine	Bisphenol_A	Cotinine	Caffeine
FMD_002	0	0	0	0	0	0	0	14.1	0	0	806.9	0	0	0	0	0	0	17.6	0	49.2	0	0.5	0	0	0	2	0	792.2	0.7	16	17.7	0.5	5.1	95.7	537.4	0.7	5.4	2.3	2.9	0.7	3.1	14.1	6.1	25.9	12.8	3.4	38.7	11.4	31.8	0.6	0.8	1.8	4.9	3.6	14.6	4.3	607.5	75.1	11.5	91.4	36.8	54.1	108	14.4	506.9	212.8	428.1	259.5	521.5	2503.4	294.9	5.8	253.6	3964.8	3057.4	8639.4
FMD_003	0	0	0	0	0	0	0	0	0	0	550.5	0	0	0	0	0	0	0	0	0	0	1	7.3	0	0	1.3	0	285.8	0.6	0.7	5.5	0.3	5	58.3	454.4	3	1.7	1.8	5.6	0.5	6.3	9.1	51.2	54.6	313.6	4.7	4.5	10	18.3	0.1	0.2	0.9	1.5	4.4	5.5	3.8	8.2	6.9	11.1	11.1	392	289.2	174.4	49.9	388.5	339.8	21.5	138.3	549	238.4	548	3	1505.5	4300.9	18166.8	12315.5
FMD_004	0	0	0	0	0	0	0	0	0	0	686.3	0	0	0	0	0	0	15.7	11.7	0	0	0.5	7.1	0	0	0	0	822.1	1.5	10	12.6	0.2	5	78.6	1454.9	0.7	0	4.9	28.7	0.7	15.9	12	4.1	44.7	0	2.4	7.8	17.5	40.8	0.5	0.3	1.4	0.9	12.6	18.1	3.8	11	76.8	177.1	15.5	96	75.1	688.9	23.2	280.6	404.5	50.1	190.8	435.1	1066.1	922.5	7.3	724	9835.9	1513.8	10700.1
FMD_006	0	0	0	0	0	0	0	0	0	0	0	15	0	0	0	0	0	0	0	0	0	0.7	3.6	0	0	2	1.8	1125.9	0	3.7	15.7	0.8	5	97.1	238.8	2.5	13.2	20.9	0	2.2	64.2	48.1	6.1	35.6	117.4	4.7	21.3	18.2	0	1.1	0.1	1.9	3.2	14.8	4.2	11.3	5.1	55.8	10.2	13.5	36.1	1818.6	382.3	176.3	1116.1	129.5	119.6	83.7	532.7	319.4	539.6	215.1	157.9	2699.4	1565.8	4685.9
FMD_008	0	0	0	0	0	0	0	0	0	3.8	0	2.2	0	0	0	0	5.2	3	0	11.7	0	0.8	3.4	0	0.1	0.6	12.8	0	0.5	10.8	12.8	0.2	48.3	93.9	0	1.1	10.4	3.2	4.5	1.4	23.7	9.2	4.1	33.4	19.3	3.2	28.5	11.6	15.8	1	0.4	0.8	4.2	3.9	2.8	5.7	5.4	153.7	7.7	24	36.8	273.4	43.4	38.6	115.9	254.4	62.6	129.1	292.9	164.1	128.2	1.5	605.5	2409.8	5011.5	5889
FMD_009	0	0	0	0	0	0	0	0	0	0	0	6.1	0	0	0	0	9.2	10.3	0	2.2	0	0	0	16	0.1	0.7	0	0	0	0	0	0	4.8	0	972.8	0.4	0.5	24.6	50.4	4.2	7.1	7.9	92.5	14.8	26.6	1.1	12.4	5.8	26.1	0.1	0.6	0.9	3.7	4.2	18.9	1.7	9.5	2.5	83.8	20.2	254.7	23	231.8	19.1	168.9	290.9	20.7	93.7	318.4	57.1	1313.5	3.2	3448.5	9199.7	1453.3	2533.5
FMD_012	0	0	0	0	0	0	0	0	0	0	0	0	0	0	3.1	0	0	0	0	0	0	0	0	0	0	3	7.6	0	0	0	30.4	26.2	36.3	182.7	5329.3	3.9	0	14.1	6	3.4	74.9	27.5	76	76.3	19.8	12.2	10.1	38.3	48.1	4.8	0.9	6.9	10.7	18.9	7.7	9.6	15.2	28.5	14.6	167.7	262.8	165.2	781.8	121.2	700.6	1197.2	5650.2	631.1	1593.4	1105.2	859.8	155.2	615.6	10199.3	30060.4	26730.4
FMD_013	0	0	0	0	0	0	0	0	19.1	0	0	0	0	0	0	0	5.5	0	0.8	4.3	0	1.1	2.8	0	0.7	0.9	0	230	0.4	0.5	0	0.2	4.9	87.2	353	2.4	0.7	2.1	0	1.1	13.6	8.2	0	29.3	538.1	4.6	1.5	13.5	13.4	0.8	2.7	0.8	1.4	3.9	5.7	3.7	5.9	9.5	96	38.7	129.8	184.9	44	16.7	106.3	489.8	21.1	28.6	276.2	218.8	203	3.4	508.1	3154.8	3358	8550.9
FMD_014	0	1.5	0	0	0	0	0	0	0	0	0	0	0	32.5	0	0	11.3	0	0	7.2	0	0	0	19.8	0.3	0	0	889.5	0.2	6.3	8.9	1.4	5	66.9	278.4	0.9	0.4	1.8	4.1	0.5	0	14.7	0	0	17.6	2.8	0.8	5.7	24.5	0.4	0.1	1	1.5	2.6	1.3	1.3	5.2	68	7.5	103.8	35	8.1	196.3	4.7	246	88.5	85.8	251.8	208.9	298.7	87.5	5.5	60.3	1765.7	1520.4	4573.7
FMD_015	0	0	0	0	0	84.8	0	0	0	0	0	0	0	0	0	0	7.2	0	0	4.6	0	0	7.3	0	0	2.7	0	280.4	0.3	0.4	0	0	5.1	109.7	461	1.2	0.9	0	3.4	0.5	4.7	5.3	28.8	13.6	56.2	2.5	1.7	3.3	32.4	0.7	0.1	0.6	1.5	2.7	9.8	2.8	4.4	8.6	42.8	18.8	174	673.8	378.6	18.9	120.5	475.2	92.4	75.3	203.8	577.5	1094.1	1059.2	261.8	3773.3	1647.8	8155.8
FMD_017	0	0	0	0	0	0	0	1.1	0	0	0	0	0	0	0	0	7.1	2.6	0	16.8	0	0	0	0	0	0	2.5	0	0	2	10.3	0.8	4.9	28.4	0	0	2.7	0	1.8	0.5	0	5.9	4.9	53.4	6.4	3.7	4.3	3	11	0.5	0.3	1.5	1.5	0.4	0.1	1.8	9.2	84.8	0.6	564.1	35.7	64.3	3.9	16.5	113.7	395.5	174.7	73.7	139.3	58.8	31.3	18.5	45.2	7120.1	707.6	4679
FMD_021	0	0	0	0	0	0	0	0	0	0	0	0	0	0	1.4	2	0	0	2.2	0	0	0	0	0	1.1	0.9	1.1	219.6	0.5	15.3	10.6	0.6	5.1	0	1262.7	0.4	12.8	29	4.6	0.5	12.8	2.7	27.5	81.1	1363	2.1	2.6	0	125.5	0.4	0.5	0.9	1.5	5.7	0.6	6	40.8	9.1	20	42.7	126.5	114.2	192.2	18.8	375.8	284.4	608.3	259	307.8	60.5	288.8	75.8	1840.5	1539.5	1592.6	2437.7
FMD_023	0	0	0	0	0	0	0	0	0	0	0	0	1283.3	0	0.4	0	0	0	0	0	0	0	0	0	1.1	0.3	2.2	101.3	0.2	633	2.5	0.4	5.1	14	193.3	1.4	1.2	2.2	1.3	0.5	1.3	2.1	8.3	0	438.9	8.5	2.7	2.8	5.6	1	2.7	0.3	1.5	0.5	0.4	2.8	4.1	5.1	1.2	159	36.8	37.2	8.6	7.3	64.1	232.2	127.5	57.1	255.7	1171.1	51.9	70.2	84.6	3499.4	5390.4	2562.5
FMD_024	0	0	0	0	0	0	0	0	0	0	0	0	7.5	0	0	0	0	0	0	0	0	0	0	0	0	0	9.3	0	1.3	0	5.4	0.1	5	0	312.5	1.3	0	2.4	2.4	2.1	10.2	3	3	52.1	14.5	2.5	5.8	3.9	10.3	0.9	0.5	1.7	4.2	5.4	3.4	3.8	4.2	7.4	93.1	13	123.1	28.4	129.7	3.9	112.7	155.1	98.9	35.6	262	229.2	324.2	2.8	799.9	1940.2	2533.8	7415.9
FMD_025	0.1	0	0	0	46.1	0	0	0	0	0	0	0	0	0	0	8.1	0	0	0	5.1	0	0	0	0	0	0	39.1	665.8	0	91.7	17.9	2.5	0	22.4	4517.6	31.2	9.6	0	0	0.5	0	35.7	6.1	17.7	46.7	0	29.6	5.9	447.5	0.1	0.5	2.9	1.5	5.1	26.7	4.6	5.1	16.8	49.8	14.5	74.7	483.4	247.4	33.5	450.9	38.9	21.3	136.1	915.9	246.3	1152.9	267.3	6766.4	617.6	4081.1	13320.5
FMD_026	0	0	0	0	0	0	0	0	0	0	0	0	0	0	0	0	0	0	0	0	89	0	0	0	0	0	2.6	0	1.2	7.8	2.2	1.7	5.1	0	2996.5	2.1	0	2.7	0	0.5	240	21.1	9.8	24.3	9	7.3	5.4	0.9	9.7	0.6	8.7	15.8	1.5	0.4	0.5	130.6	43.3	10.4	1.3	243.4	36.8	130.6	20.2	14.2	57.5	132.1	188.7	122.9	142.9	573.1	79	33259.3	260.5	4281.4	5938.5	4056
FMD_027	0	0	0	0	0	0	0	0	0	0	0	0	281.2	0	0	2	0	5.6	0	0	0	0	0	0	0	0	1.1	217.6	0.6	1.3	20.8	0.1	0	0	6579.8	0.7	27.3	1.3	3	0.5	3.1	5.5	6.7	258.8	2.3	2.3	0.9	7.6	242.4	0.5	0.4	2	1.5	5.9	2.4	2.3	2.5	24.4	29	26.7	36.8	73.3	318.8	212.9	293.1	92	108.8	254.7	293	186.5	482.6	14.9	76522.7	2853.1	1882.7	1941.9
FMD_028	0	0	0	0	0	0	0	0	0	0	0	0	0	32.1	0	0	0	0	0.9	0	23.1	0	0	5.3	0	0	8.8	282.8	0.8	1.1	2.6	0.6	16.4	21	222.8	0	0.2	0.8	7.8	0.5	1.8	7.6	1251.9	294.8	65.3	2.1	6.5	12.4	27	0.1	0.6	0.6	1.5	3.7	0.4	1.2	3.7	3.2	3.5	58.3	36.8	13.4	27.5	103.2	256.9	205.3	322.9	295.8	137.4	60.5	81.5	4.7	74.3	2441.7	774.7	6781.3
FMD_029	0	0	0	0	0	0	0	0	0	0	0	1.2	0	138.7	2.1	0	0	0	0	0	69.6	9.7	0	0	0	1.2	0	0	0	1	19.6	0	5.1	61.6	625	0.6	2.6	0	0	0	3.8	7	11.5	13.5	16.1	1.9	4.5	9	15.7	0.8	0.3	0.5	1.5	3.6	11.6	1.9	6.5	5.8	3.9	57.6	36.8	42.1	58.7	4.3	85.3	140.9	22	137.4	318.5	329.8	121.6	94.3	607.7	2472.6	838.2	4935.1
FMD_032	0	0	0	0	0	0	0.8	0	0	0	0	0	0	0	3.9	0	0	0	0	0	0	1.6	5.8	0	0	8	0	0	0.9	2.4	3.9	0	0	16	0	0.6	0.7	12.3	0	0.5	0	0	0	13.4	5.5	4	23.5	3.7	6.3	1.4	0.4	0.3	1.4	1	5	2.5	12.4	8.7	2.6	110.1	35.4	66.6	37.1	35.9	57.9	498.5	36.3	138.5	153	545	129.3	2.3	120.8	11195.1	773.5	5339.7
FMD_033	0	0	0	0	0	0	5.7	0	0	0	0	0	0	0	5.7	5.5	0	0	0	0	0	0	2.3	22.4	0	0	0	1020.8	0	0.8	224.5	0	5	111.9	501.8	0.4	1	0	4.6	0.5	0	0	42.9	28.2	0	3.1	0.8	15.9	436.8	0.1	0.5	1.1	1.5	5.8	1.4	1.9	3.9	339	25.5	89.9	36.1	389.5	285.8	7.5	486.2	293.8	53.5	139	590.4	76.4	596.1	1.3	83.9	2072.8	768.6	3079
FMD_034	0	0	0	0	0	0	0	0	4.8	0	0	0	0	0	0	0	0	0	0	0	0	0	0	2.5	0	0	2	7011.7	0.5	0	0	0.7	1.2	13.1	0	1	7.2	1.7	2.2	0.9	3.9	0	20.9	18.9	19.4	3.4	7.9	4	25	0.6	0.2	0.8	2.8	3.7	1.8	1.9	2.9	5.5	190.3	27.2	68.1	17.1	204.9	5.2	429.8	144.4	296.3	81.4	144	1688.9	260.1	3.3	181.7	996.2	1937	8729.9
FMD_035	0	0	0	0	0	0	0	0	0	0	0	0	0	0	0	0	0	0	0	0	0	0	3.8	8.6	0.5	2.9	0	755.4	8.4	1	0	0.7	0	0	492.4	0	0.5	1	5.3	2.2	4.1	0	0	0	56.7	1.8	0.6	5.5	19.8	0.5	0.6	0.5	3.4	2.4	5.3	1.3	4.6	4.3	67.8	121.7	35.4	22	118.8	12.2	179.7	475.8	42.6	68.8	191.5	58.8	152.9	51.6	118.9	2341.7	1404.6	7695.7
FMD_037	0	0	15.2	0	0	0	0	0	0	0	0	0	0	0	0	7.3	0	0	0	0	77.7	0	5.7	0	0.8	0	0	0	0.7	0	25.2	0	4.8	44.9	835.8	1.5	2.4	0	3.3	0	3	13.7	8.4	13.2	19.2	0	1.4	57.3	92.2	0.7	2.5	1	8.8	6.2	6.2	1.7	119.1	8.3	18.6	59.2	91.8	92.5	140.8	31	167.7	535.1	21.3	173.4	300.7	155.6	428.2	2.9	73.9	3356.3	1811.5	3167.4
FMD_038	0	0	0	0	0	0	0	0	0	0	0	0	0	0	0	0	0	7.4	0.9	0	81	0	0	6.9	0	0	7.2	0	0	0	4.5	1	0	26.6	0	1.6	1.4	1.5	4.4	0.5	5.6	13	6.4	12.5	0	1.6	42.2	3.5	51.2	0.2	0.4	1	1.5	2.3	3.1	1.4	73.5	4.6	345.9	60.5	218.9	183.8	119.9	7507.3	500.8	114	61.6	98.2	124.9	274.6	1190.6	2.3	6593.5	738.3	1456.8	1682.1
FMD_039_040	0	0	0	37	0	0	0	0	0	0	0	0	3.7	0	0	0	0	0	8.1	0	16.6	0.5	0	8.7	0.4	0	0	670.1	0	0	14.5	0.1	0	0	503	0.6	1.3	2	1.8	0.5	5.9	5.5	11.1	25	80.6	2.4	2.2	15.7	20	2.2	0.3	0.5	1.5	4.3	0.8	1.1	1.8	4.4	37	33.4	36.8	46.7	55.6	79.3	110.8	178.8	321.8	601.5	189.8	207.6	260.4	51.1	1023.5	2693.2	4998.8	2041.6
FMD_043_044	0	0	0	0	0	0	0	0	0	0	0	0	0	0	0	1.6	0	0	0	21.1	0	0	2.1	0	0	1.1	3.6	0	0	0	0	0.2	0	47.1	0	3.1	0.9	8.8	2.6	0.8	13.6	6.2	5.5	20.3	17.4	4	11.1	7.2	31.5	0.8	0.3	3.2	1.5	4.2	1.7	6.8	3.5	20.7	5.8	58.5	36.8	239.7	45.9	11.2	123.6	103.9	95.1	35	208.4	60.5	113.9	6.6	181.5	1178.6	24464.2	7625.2
FMD_050	0	0	0	0	0	0	0	0	0	0	0	0	3.9	42.1	0	0	0	0	1.2	0	22.1	0	0	6.4	0	0	1.1	0	0.6	0.9	0	0.5	16.5	14	195.4	0.4	0.4	11.7	3.6	0.5	1.6	6.7	1088.3	335.1	72.1	1.4	0	11.1	19.2	0.5	0.6	0.6	1.5	2.8	0.5	1	3.2	2.3	3.2	45.4	36.8	13.5	27	106.9	278.1	204.1	439.1	272.5	116.9	60.5	74.4	4.5	47.4	2335.1	731.1	6659.2
FMD_051	0	0	0	0	0	0	0	0	0	0	0	0	0	0	0	0	0	0	0	0	0	0	0	12.6	0.6	0	0	0	0	0	0	0	0	143.6	340.2	0	0.7	1.6	4.3	0	3.6	7.8	7.6	8.6	14.1	2.9	8.1	13.1	81.7	5.7	0.4	1.3	1.4	6.2	2.6	0.8	4.6	14.7	358.9	24.3	248.7	67	181.7	12.2	457	251.5	48.7	2204.6	171.3	95.1	1400.8	6.2	148.2	1876.2	3163.8	8424.5
FMD_052	0	0	0	0	0	0	0	0	0	0	0	0	0	0	0	0	0	0	0	0	0	0	0	12.6	0.6	0	0	0	0	0	0	0	0	143.6	340.2	0	0.7	1.6	4.3	0	3.6	7.8	7.6	8.6	14.1	2.9	8.1	13.1	81.7	5.7	0.4	1.3	1.4	6.2	2.6	0.8	4.6	14.7	358.9	24.3	248.7	67	181.7	12.2	457	251.5	48.7	2204.6	171.3	95.1	1400.8	6.2	148.2	1876.2	3163.8	8424.5
FMD_058	0	0	0	0	0	0	0	0	0	0	0	0	0	2744.3	0	0	0	0	0	0	9.2	0.6	0	0	0	0	4	294.5	0.2	0	0	0	4.9	18.8	7297	1.1	0	1.7	1.4	0.5	2	4.5	8.6	11.7	3	5.5	8.5	3.1	11.9	0.6	0.3	0.4	1.5	3.4	1.1	3.3	2.3	6.9	5.4	172.6	35.7	14.1	120.7	2.9	132.5	168.5	64	99.6	165.8	58.8	322.1	5.5	719.5	1399.1	2172.4	5074
FMD_059	0	0	0	0	0	0	0	0	0	53.2	0	0	0	0	0	0	9.1	0	0.5	0	36.4	0	0	0	11.1	0	0	0	0.5	0	0	0	0	0	0	0	0	1.5	4.7	0	3.4	8.5	59.8	4.6	4.9	3.1	0	0	39.5	0.3	10	0.9	1.5	5.9	3.4	0.7	5.9	20.4	39.5	45.3	96.1	20.6	297.1	18	244.5	768.4	75.8	690.9	172	113.4	588	12	136.8	1812.8	1252.8	4604.3